50,0.0000021017677248322473,4.694401502591998
60,0.000002117736185659547,-1.5633337787596477
70,0.000002118661006553555,-1.534526220648887
80,0.000002121678693650869,-1.5184378076748482
90,0.00000211311583233041,-1.4898635718812991
100,0.0000021119833656204063,-1.4835053747742892
110,0.000002126272737959594,-1.4646308011819336
120,0.000002126902732615272,-1.4484333614857305
130,0.000002121153688238859,-1.4358457022903939
140,0.0000021201084679127925,-1.4175790010572737
150,0.000002121736782710358,-1.4023114018813267
160,0.000002119022593939261,-1.3949500567695488
170,0.0000021261655605703044,-1.3780187022124493
180,0.0000021216980561405733,-1.3675357315563923
190,0.0000021251445348023403,-1.3496906254747323
200,0.0000021222597990412695,-1.3390327533568926
210,0.000002116405271442692,-1.323233690090877
220,0.0000021254839021604345,-1.3099871668376688
230,0.0000021210956470569044,-1.298363423595197
240,0.0000021295054041301316,-1.2849868693438775
250,0.000002126819838664801,-1.2696997939983021
260,0.000002119339737886357,-1.2551185722383584
270,0.000002118636907308763,-1.2439867936348645
280,0.0000021248345024757792,-1.2328090397114988
290,0.0000021270917182934175,-1.2199212187321957
300,0.000002121502035417109,-1.2037758436885562
310,0.0000021263117155744117,-1.1948615735681207
320,0.0000021266638292826103,-1.180946285223616
330,0.000002121226246417072,-1.1692696427824751
340,0.000002120823642514125,-1.1553904179372216
350,0.000002134335353862669,-1.1407898673351626
360,0.0000021218106111084484,-1.1281680775064893
370,0.0000021232317955806048,-1.114796752229632
380,0.0000021253196718483633,-1.104756377860512
390,0.0000021239768458430744,-1.0894556814243412
400,0.0000021295408888613006,-1.0783796789764972
410,0.000002127333205551231,-1.0630737326146438
420,0.0000021249293214882435,-1.050190746953329
430,0.000002122527510223944,-1.0397223488318024
440,0.000002127677283980965,-1.0270704462144213
450,0.0000021254899854957538,-1.0151458517187244
460,0.0000021205662412777505,-1.0014471709397097
470,0.000002117101073366212,-0.9910702117667791
480,0.0000021259476020200937,-0.9780445752183446
490,0.0000021236733919664686,-0.9632232684058741
500,0.0000021140106689179323,-0.940278737017272
510,0.0000021276492145932587,-0.9382202331971103
520,0.000002126860065400862,-0.925153893651342
530,0.0000021225226638723937,-0.9119085289856806
540,0.0000021306001289748536,-0.8994054557907906
550,0.000002121211734185751,-0.8837144500714323
560,0.0000021247554963274306,-0.8740038217703773
570,0.0000021190020990389805,-0.8608973491181336
580,0.000002123979273998606,-0.8489488348229056
590,0.000002123769269334819,-0.8375838950865145
600,0.0000021250813015086226,-0.8239861149316979
610,0.0000021211464328305452,-0.8110722790992884
620,0.0000021169135358788506,-0.7967013745365957
630,0.000002123444067148378,-0.7876657332070669
640,0.0000021264883597577964,-0.7725298351428188
650,0.000002122527510223944,-0.7559282396234746
660,0.0000021203342979267134,-0.7476517500927047
670,0.0000021257783955191907,-0.7369512538279689
680,0.0000021241808399426464,-0.7233566762776508
690,0.0000021300941906124603,-0.7087425782448477
700,0.0000021247554963274306,-0.6967925050245194
710,0.0000021191431642149736,-0.684903871222994
720,0.000002124559842117652,-0.6732376862989387
730,0.0000021293108814338707,-0.6600090430559321
740,0.0000021254899854957538,-0.6464970339193262
750,0.0000021179901499009166,-0.6279340149351641
760,0.000002124104335267582,-0.6221139959415547
770,0.000002124800467977514,-0.6105507102725312
780,0.0000021239307124701767,-0.5998644433871713
790,0.0000021240666931443635,-0.5844438997093513
800,0.000002127528406866136,-0.5701791791933413
810,0.000002119244459153127,-0.5563376432979988
820,0.0000021214367072483505,-0.5444487824944595
830,0.0000021241334789309924,-0.5340011031715993
840,0.0000021221156888172302,-0.5186161023708836
850,0.000002119301142420678,-0.5166318943226019
860,0.0000021252175033096296,-0.4961875791843125
870,0.0000021259914318743802,-0.481836124795074
880,0.000002127331985711961,-0.46891575949760195
890,0.0000021222319435158407,-0.4569587455471333
900,0.0000021269905132458406,-0.4449716197330454
910,0.00000212018091887882,-0.4316623414931796
920,0.000002124501520886132,-0.4220249410982806
930,0.000002128093573540837,-0.4075644483697932
940,0.0000021240618362419746,-0.39281711338076297
950,0.0000021267430485064607,-0.3840848906641301
960,0.0000021236187840802185,-0.3674040893978479
970,0.00000212394770862624,-0.35489132544636465
980,0.000002128837643215294,-0.3454749159049491
990,0.0000021214621119301805,-0.32951804424407577
1000,0.0000021164413065049654,-0.3129906706516793
1010,0.0000021205759072359576,-0.3068968190843211
1020,0.0000021199575522524923,-0.2933989365724386
1030,0.0000021211282946354812,-0.280206374206914
1040,0.000002122527510223944,-0.2659709133697462
1050,0.0000021295408888613006,-0.2535587957817225
1060,0.0000021229941269847896,-0.24394185686281275
1070,0.000002125509452519788,-0.22992659469142937
1080,0.0000021190033046048883,-0.21936314916402222
1090,0.0000021185646145083016,-0.20513437209907526
1100,0.00000212927173865539,-0.19087893988352497
1110,0.000002126342168327514,-0.1808108953831576
1120,0.000002124731188516273,-0.16655539356076104
1130,0.0000021242415638228917,-0.15460054543120083
1140,0.0000021256980670090587,-0.14280504466940425
1150,0.000002127450319892261,-0.12887143567582984
1160,0.0000021234780365077798,-0.11785813554629679
1170,0.0000021265127279278513,-0.10510106603078988
1180,0.0000021224124183422036,-0.09201411349612762
1190,0.0000021250971093028797,-0.07710008292192663
1200,0.0000021217331520043566,-0.06948112178888487
1210,0.0000021215589000322187,-0.053425048501499685
1220,0.000002125106837351611,-0.040662798526742885
1230,0.00000212137138511424,-0.029905611406763104
1240,0.000002124239134767693,-0.018179815072978278
1250,0.0000020709697605881417,-0.02085203461972796
1260,0.000002119934615893624,0.010671953427766947
1270,0.000002126327550842735,0.022480152441153863
1280,0.000002123423443689798,0.03314293954310387
1290,0.0000021222416322698444,0.04702413184274622
1300,0.0000021326815702880884,0.05585581823670391
1310,0.0000021236758190814115,0.07168830108342977
1320,0.0000021258842970160567,0.08571854576941221
1330,0.000002123598155530576,0.09743485129225618
1340,0.0000021257856985625993,0.10829371812981523
1350,0.0000021151092337999386,0.1238267325779396
1360,0.000002122784414370608,0.1372121863551438
1370,0.0000021243848928304127,0.1470391750412847
1380,0.0000021221023691862947,0.16093373925617896
1390,0.0000021283610555499324,0.17554111636651834
1400,0.00000212426828398006,0.1860705406864585
1410,0.000002131108880708479,0.1976059532825012
1420,0.0000021255678568013642,0.21019653950157144
1430,0.0000021192215459316305,0.22376031590510304
1440,0.0000021245695627898767,0.2364185609304396
1450,0.0000021202292236495145,0.2491204981016622
1460,0.0000021282706622191313,0.26005028690350745
1470,0.00000212607909971618,0.2719780731181099
1480,0.000002123850593229837,0.2872581504353319
1490,0.000002124484511431636,0.29739813001792165
1500,0.0000021192046629808296,0.30893074392374165
1510,0.0000021208055125983942,0.32377620996498685
1520,0.000002128489336125292,0.3363208550002155
1530,0.0000021228219883611973,0.35014049053930973
1540,0.0000021255483881725686,0.36202676396057454
1550,0.0000021250290167022324,0.37454697209566296
1560,0.000002127528406866136,0.38885940479185105
1570,0.0000021238760847319053,0.3985743075064318
1580,0.000002124197842104189,0.4091040612874961
1590,0.000002123770483055623,0.42538877494961896
1600,0.0000021234925953037325,0.4359167950638007
1610,0.0000021292093593136763,0.45022559626071507
1620,0.000002126342168327514,0.46269021341012684
1630,0.0000021252284492340163,0.47321669490841667
1640,0.000002124590219661383,0.4899573262537283
1650,0.0000021206919090452854,0.502328735504378
1660,0.0000021257430985370876,0.5134387167021318
1670,0.000002129408747825192,0.5255281576331186
1680,0.00000212846856531558,0.5389494535529743
1690,0.0000021310303988414006,0.5534822346940743
1700,0.0000021196980526870732,0.564028512083777
1710,0.0000021270917182934175,0.5764201099389114
1720,0.000002127234405368702,0.5880026035475675
1730,0.0000021258063909276774,0.6004685650716716
1740,0.0000021240509083334162,0.6129158697882924
1750,0.0000021094146042269228,0.6171634570188878
1760,0.0000021286213060616613,0.635571570750705
1770,0.000002124994972856377,0.650347386079471
1780,0.000002125892818514128,0.6655484884708374
1790,0.0000021284710089086913,0.6760796295095483
1800,0.0000021232742448013895,0.6892641280581288
1810,0.0000021221156888172302,0.6999358767723739
1820,0.000002124386107606998,0.7134980581988083
1830,0.00000212607909971618,0.7255757692258816
1840,0.0000021228704738780153,0.7400435087355769
1850,0.000002119022593939261,0.7514489479762644
1860,0.00000212944300425031,0.7649309687498397
1870,0.000002129815037600366,0.7770587054787446
1880,0.000002123434361916546,0.7891774348979438
1890,0.0000021279800157923496,0.802063287111389
1900,0.000002117775899158774,0.8140479390451584
1910,0.000002124687436558457,0.8285205436891021
1920,0.000002128331737532021,0.8399721437763026
1930,0.0000021250569825139646,0.8527713989526446
1940,0.00000212170047648906,0.8640236206630819
1950,0.000002124177196675431,0.8770164292752002
1960,0.0000021245318959282167,0.890710521488203
1970,0.000002126275173997722,0.9037449688810933
1980,0.0000021276589777325456,0.916798602663666
1990,0.000002124590219661383,0.9272952180016122
2000,0.0000021323203173007833,0.9485503373504844
2010,0.000002127540608732534,0.9527878729169856
2020,0.0000021307361690445815,0.966133556998339
2030,0.0000021247068815393614,0.9810138378530797
2040,0.0000021227068485720825,0.9931667951650577
2050,0.0000021254449700512327,1.0050518455360529
2060,0.000002122362752892363,1.01480176207237
2070,0.0000021280789199065775,1.029458215722624
2080,0.000002124484511431636,1.0391807076432464
2090,0.0000021266053346147407,1.0558992906809823
2100,0.000002128214477574812,1.0616166599545807
2110,0.0000021265968045456133,1.0803352222462552
2120,0.000002125106837351611,1.0927956365202698
2130,0.0000021253014263857474,1.1023640653107323
2140,0.0000021272734358946233,1.1162480835061985
2150,0.000002115433019981393,1.134297833990424
2160,0.0000021271502531071603,1.1411557268701893
2170,0.0000021238129645947674,1.1559371603704554
2180,0.0000021194531242626077,1.1673054922410797
2190,0.0000021207366231587406,1.1797828026596933
2200,0.0000021246376112316217,1.1928718704596166
2210,0.0000021252466928171797,1.2053891398828924
2220,0.0000021268698176806266,1.2165369041162304
2230,0.0000021240800497977277,1.2318002722372587
2240,0.0000021293879500879466,1.242266215251443
2250,0.0000021258063909276774,1.254121870931553
2260,0.0000021246473329713606,1.270016987114765
2270,0.000002127566233335345,1.28190415533603
2280,0.0000021223772887606877,1.2926434244661604
2290,0.0000021231226521310793,1.3058566128485978
2300,0.000002124559842117652,1.3167387950922231
2310,0.0000021240363380510378,1.3333382687655675
2320,0.0000021282450121555805,1.3416687268276708
2330,0.0000021258733409548227,1.356190039938847
2340,0.000002124377604214663,1.3683672524086257
2350,0.000002126342168327514,1.389985431411739
2360,0.000002123482889406492,1.3945760455506873
2370,0.0000021254802521843145,1.4063512552448112
2380,0.000002123035349489,1.4195283252207607
2390,0.0000021215250226896333,1.429352375920486
2400,0.00000213029505277051,1.4439140697383415
2410,0.00000212905160074128,1.456943472044096
2420,0.0000021204418038707878,1.4692158338290462
2430,0.0000021203632866834655,1.4799431655339372
2440,0.0000021250971093028797,1.49369624387297
2450,0.000002120514289016862,1.5088436241030456
2460,0.000002124400685088569,1.5226536834165845
2470,0.0000021277322055614594,1.5343708590173777
2480,0.0000021216230294456695,1.545160918273219
2490,0.0000021221459616384966,1.557976516321996
2500,0.000002043585042185247,1.5594799374531174
2510,0.0000021290454867738284,1.5804423298625738
2520,0.0000021217343622376197,1.594296273414509
2530,0.000002123268180471112,1.6060758003884879
2540,0.0000021221338523545235,1.6188875601094483
2550,0.0000021360065735898246,1.6364346574934407
2560,0.0000021280496135461534,1.643706598939144
2570,0.0000021258842970160567,1.6565148725643086
2580,0.0000021634005812579,1.6667805572931833
2590,0.0000021252892630050567,1.6812172530771599
2600,0.00000212155285038773,1.6960785962116685
2610,0.0000021247214656254017,1.709214345367453
2620,0.000002124590219661383,1.7243401093344526
2630,0.000002126220365164918,1.7331295972545306
2640,0.0000021246667768512007,1.7438576226116915
2650,0.000002121618189287049,1.75771887199891
2660,0.000002126634581345323,1.7679819349367556
2670,0.0000021258733409548227,1.7854026136509462
2680,0.0000021318192906403048,1.7926080862067792
2690,0.000002122963817851806,1.8103318088429508
2700,0.000002145198306020831,1.8217990134379312
2710,0.0000021265029805593023,1.8339500852307271
2720,0.0000021214367072483505,1.846602225383419
2730,0.000002120388652820986,1.8597993893605278
2740,0.00000211897316607447,1.8729812271009212
2750,0.000002113671980762695,1.8912009869840158
2760,0.000002124342376962753,1.899648554158228
2770,0.000002124705666212414,1.9121654734170506
2780,0.000002121032774486132,1.9263178207964526
2790,0.000002134902265326318,1.9333405640594041
2800,0.0000021279800157923496,1.9447382467786425
2810,0.0000021249305371990226,1.9626252236111918
2820,0.000002123313057745653,1.9727407531934602
2830,0.00000212264867980275,1.984246905070534
2840,0.000002122832897312829,1.997158497561323
2850,0.000002123627278363627,2.0091026377040144
2860,0.0000021200360243736557,2.02012510539812
2870,0.000002121263737726644,2.0358765995719557
2880,0.000002127127082498892,2.0492895883666167
2890,0.000002124590219661383,2.060753653048625
2900,0.00000212775783708789,2.0737333903738193
2910,0.0000021237632007620135,2.083709926595229
2920,0.000002125150615224212,2.097638679741225
2930,0.000002126126590992329,2.11158293424429
2940,0.000002122824412558137,2.1244115420409275
2950,0.0000021344536285294434,2.1278011104602297
2960,0.0000021258502120484783,2.1481136736214674
2970,0.0000021240800497977277,2.159095490238871
2980,0.0000021175196058948034,2.1750600634391417
2990,0.0000021219800824792357,2.1869479839827863
