4000,0.000006027225041267099,4.814595698491943
4100,0.0000062577866499618235,4.735563638675948
4200,0.000006069264655285338,4.657780946853743
4300,0.000005691445930929641,4.629497779744945
4400,0.000005399015711416107,4.65237529669715
4500,0.000005192192385618581,4.691787499842175
4600,0.000005235001047617135,4.735930336953906
4700,0.000005349814822500372,4.781780931835795
4800,0.000005614858732105009,4.8120576328758515
4900,0.0000059266042977389456,4.808158104989319
5000,0.000006194728275851923,4.777976218044617
5100,0.000006258429651202366,4.730598887841277
5200,0.000006147111316247851,4.701007358052506
5300,0.000005922043874038422,4.676354428572198
5400,0.000005813161032908606,4.678555741953151
5500,0.000005559585342942217,4.702095226333144
5600,0.000005485775538069857,4.7356068684179835
5700,0.000005607813023767728,4.771754506012407
5800,0.000005751846916079662,4.796161924128456
5900,0.000005983520127667857,4.807490735492169
6000,0.000006109881322984028,4.788417193060779
6100,0.000006261578931086195,4.763753379646279
6200,0.000006226875029179729,4.735449142351235
6300,0.000006177611353374895,4.715656942607364
6400,0.000005991599597027995,4.7155585418784804
6500,0.000005879554819762712,4.7217199692871485
6600,0.000005751853572551021,4.7428209827798895
6700,0.00000578098922580793,4.767463397445483
6800,0.0000059084904460147355,4.789041010693756
6900,0.000005987000200737526,4.801185070460399
7000,0.000006132965553214902,4.801727088358133
7100,0.000006160267520724984,4.787411310830236
7200,0.0000062885977172493406,4.775637837917763
7300,0.000006283896688935088,4.758944334794345
7400,0.000006125257839784823,4.73993468558598
7500,0.0000061524239575751965,4.753083114540381
7600,0.0000061198628616902034,4.76258987872899
7700,0.00000611935781304112,4.764206410499126
7800,0.000006165138900024137,4.77602841839817
7900,0.000006194054830537636,4.779611023753461
8000,0.000006207415012042293,4.771530456764285
8100,0.000006320733907459344,4.774286359621772
8200,0.000006344978820100431,4.76611872932933
8300,0.000006336987861907704,4.757660041221553
8400,0.000006133619266611528,4.7480880930640135
8500,0.00000617980615938032,4.763082009881911
8600,0.000006169734300286863,4.762999319621145
8700,0.000006176440647004017,4.772871585727938
8800,0.000006010384752929688,4.7696511522320995
8900,0.0000061617399968813704,4.784160913320509
9000,0.000006253222756315661,4.785228378923272
9100,0.000006243665032090357,4.783461123371759
9200,0.000006167566617428927,4.76951629606221
9300,0.000006241452535553102,4.7619351749758145
9400,0.000006262609700232404,4.760444822359517
9500,0.000006293849949585004,4.760684729039487
9600,0.000006160193924624865,4.761289605955979
9700,0.0000061073138744791505,4.770575651198294
9800,0.000006194054830537636,4.779611023753461
9900,0.0000060902535294179644,4.788172485517216
10000,0.000006342415926429507,4.7963660995122765
10100,0.000006358883129544487,4.784774934865675
10200,0.000006207415012042293,4.771530456764285
10300,0.000006257435226391775,4.775323999296183
10400,0.0000063325772579226325,4.771046445669826
10500,0.0000062997099715102745,4.774080215412887
10600,0.0000062671253080812055,4.777082628768693
10700,0.000006162452072300198,4.782535140384871
10800,0.0000060651631008916415,4.778210158919021
10900,0.00000598307056118147,4.790010489122083
11000,0.000006211393010690919,4.8061724629598235
11100,0.0000062729541025052675,4.807104726373165
11200,0.000006316648046290703,4.804410234162359
11300,0.000006420366595501419,4.811043777190791
11400,0.000006362781211652468,4.798325453071291
11500,0.000006181102688348144,4.7860260856846555
11600,0.000006474098528530147,4.794676970159371
11700,0.00000632385437810659,4.791085179734671
11800,0.000006333572395744066,4.792886924049821
11900,0.00000661999471724177,4.798293037873878
12000,0.000006494392601361966,4.79838327157893
12100,0.000006354794702210538,4.793157240736138
12200,0.000006146331444531572,4.795395204848543
12300,0.0000063466593345423355,4.78800212362152
12400,0.000006459294429110849,4.80134739977646
12500,0.000006394948704401733,4.798760991873603
12600,0.0000065055262135417,4.798531060653286
12700,0.00000663789768451974,4.807340686727446
12800,0.0000066441678565371274,4.796843696631607
12900,0.000006466546612019916,4.7877178712130295
13000,0.000006306735571593735,4.782507950364703
13100,0.000006256775395759875,4.776975640809361
13200,0.000006286224161087508,4.802296195742019
13300,0.000006395872866304339,4.797075588958057
13400,0.000006450235257407539,4.797797139531874
13500,0.000006470305051824816,4.801499442113231
13600,0.000006372535236070477,4.800149440337202
13700,0.000006628474684707116,4.803683788135038
13800,0.000006557662213339318,4.806189560776431
13900,0.000006437384781430446,4.801044862252127
14000,0.00000620666214688656,4.796211875425899
14100,0.000006158730727680489,4.790660120905968
14200,0.000006077406416116922,4.794462264474621
14300,0.000006325190609033436,4.807895845683816
14400,0.000006330020484433507,4.799562448484224
14500,0.000006321281644383543,4.796085613493446
14600,0.0000062880671289526674,4.7989832372231875
14700,0.000006439933784168437,4.814769490634788
14800,0.000006576107163735611,4.82919287789261
14900,0.0000064559410064722355,4.823611919016621
15000,0.0000063646202074846885,4.828809290756615
15100,0.000006258746938167882,4.82853060726468
15200,0.000006167139918869435,4.8120576328758515
15300,0.000006086125075996297,4.813979783319764
15400,0.000006013729345690482,4.804776976464259
15500,0.0000065013023483704435,4.822666406666098
15600,0.0000065322716399606855,4.8266714480315205
15700,0.0000066645346862119735,4.820126217644152
15800,0.000006927204758109686,4.813333840022558
15900,0.000006257503792195373,4.815186739922677
16000,0.000006470522996069739,4.818699224592249
16100,0.000006452188735806344,4.828700117942229
16200,0.000006439961812009933,4.843927455846475
16300,0.000006438803632841579,4.816463637240345
16400,0.000006408457442444877,4.812563620351645
16500,0.000006260617338940741,4.810245145158833
16600,0.0000060387388304649854,4.8115808369806405
16700,0.000006670994946542629,4.827333003046818
16800,0.000006620492041109826,4.831748360537642
16900,0.000006424434567553863,4.82135733095563
17000,0.000006485166079328576,4.829297304070382
17100,0.0000065381785207150825,4.8337409809554535
17200,0.000006951153628676401,4.832183003137445
17300,0.000007251796407081848,4.825799848485545
17400,0.0000070807294393476515,4.817461978322292
17500,0.000006891998734465362,4.809155409934105
17600,0.0000067559700313528125,4.809034882480488
17700,0.0000066367827994701716,4.809088209289079
17800,0.000006501523440069716,4.80538422064952
17900,0.0000063512069865334774,4.799854962096047
18000,0.000006256963897498016,4.798553842421033
18100,0.000006148167865870863,4.810115887743408
18200,0.0000061810613850355246,4.805713159682721
18300,0.000006188227490035798,4.810754702017059
18400,0.000006339633304351869,4.833416200193895
18500,0.000006553552645604665,4.842764112910368
18600,0.0000065919313960856066,4.838257814605472
18700,0.000006682906852005487,4.841786685969492
18800,0.000006564835484480845,4.842989855373507
18900,0.000006595862674762624,4.847130963409077
19000,0.000006868880772653868,4.852744412366346
19100,0.000006480781762674936,4.848225503130543
19200,0.0000065411428714624115,4.85648813566227
19300,0.000006883004155724979,4.851196446467291
19400,0.000006920435718493328,4.851956243708447
19500,0.000006849340971870224,4.846855989807152
19600,0.000006707947268770746,4.840485154660071
19700,0.0000066378567613755225,4.839139440732783
19800,0.000006581974273349305,4.836312102792462
19900,0.00000640997701087765,4.82622911535587
20000,0.000006310520898180584,4.814382823835758
20100,0.0000062729541025052675,4.807104726373165
20200,0.000006099757923364922,4.807723095886626
20300,0.000006008168237596817,4.814271418000676
20400,0.000006024217296721982,4.819350986985712
20500,0.0000060284431956989,4.827448356604964
20600,0.000006203929040793171,4.84569956697063
20700,0.000006293213406971943,4.850990378370763
20800,0.000006303605314468635,4.8512207298052745
20900,0.00000633148492360526,4.8670754844695665
21000,0.000006648070053705577,4.865974137383768
21100,0.000006606397379017525,4.872079510335678
21200,0.000006491807120464805,4.848458029094205
21300,0.000006434065349666221,4.850675942368854
21400,0.000006623813789017768,4.854781575087043
21500,0.000006930660782468983,4.866989525815891
21600,0.000006706332446009079,4.867330954796773
21700,0.000006719941815000945,4.865849119413086
21800,0.000006816344169054576,4.855305922447576
21900,0.000006906150272929354,4.853511041602291
22000,0.000006646436455888826,4.842849437662262
22100,0.000006618746826436583,4.8476013115847785
22200,0.000006574655262711072,4.844940512681363
22300,0.000006480781762674936,4.848225503130543
22400,0.0000064463617291460626,4.861278927994187
22500,0.000006343406781774228,4.828419505412514
22600,0.000006380806995305076,4.835906629512749
22700,0.000006091771247193764,4.820555103508645
22800,0.000006028197973176811,4.813009560241815
22900,0.000006007189804297308,4.815852081068293
23000,0.000005942403232804587,4.813152408791307
23100,0.00000591181225708767,4.817347765570789
23200,0.0000058562110592960045,4.817914532612421
23300,0.000005783829741053199,4.832000177498889
23400,0.000006169635719659232,4.861440309417784
23500,0.000006560297582642802,4.86042092734673
23600,0.000008068719830581922,4.866660893758708
23700,0.000006447983447138969,4.859592304530252
23800,0.00000629144431010003,4.864405717771219
23900,0.000006510549745704962,4.864514611524872
24000,0.00000647063671485373,4.8705034463012264
24100,0.000006189744998024302,4.850349958997194
24200,0.000006222799796293047,4.8477684364024105
24300,0.000006443580474913978,4.875015948378488
24400,0.000006479135177830637,4.862041575079612
24500,0.000006390863406237114,4.8616968483978065
24600,0.000006436265297895318,4.871380444817703
24700,0.000006483335022044725,4.869080007763188
24800,0.000006589047584921878,4.866363337817673
24900,0.000006824001127323174,4.882878853297672
25000,0.000006688237833472958,4.893824757337716
25100,0.000006650219194948044,4.885634646837055
25200,0.000006474440268799515,4.877537657799317
25300,0.000006587567097870532,4.878683460792589
25400,0.000006795238598351722,4.863945114353454
25500,0.000006912195751439165,4.872127431055603
25600,0.0000067598673630937536,4.874010335567703
25700,0.000006820036264048409,4.87546174144562
25800,0.000006998534757226356,4.876016052156835
25900,0.000006747282034210301,4.862867348825595
26000,0.000006889480816613248,4.880833032329523
26100,0.000005977952655089162,4.875978002188464
26200,0.000007260496424973643,4.860804139310844
26300,0.00000565779937888517,4.895990287552796
26400,0.000005581571163920637,4.887488785627022
26500,0.000005565636287719558,4.878021684867035
26600,0.0000055374474271482095,4.881631061374923
26700,0.000006821901220953213,4.884657086606346
26800,0.000006542229831262441,4.888063584831042
26900,0.000007013245575483085,4.885771689456451
27000,0.00000705551936344589,4.894412398320433
27100,0.000007002675202931788,4.883627716490127
27200,0.000006926053898395314,4.892897895452809
27300,0.000008154693067046916,4.868318060877056
27400,0.000007968240996955806,4.849815125881633
27500,0.000007839495958143263,4.845488607995073
27600,0.00000772888038682675,4.8065654179613615
27700,0.000007563554764876423,4.836743974931451
27800,0.000007434282700077535,4.830646489523769
27900,0.000007374642757885517,4.847389592600505
28000,0.000007254733005658914,4.852929183718408
28100,0.00000697245768080069,4.864197030234736
28200,0.0000069181297273323705,4.8667077563108085
28300,0.000006665042116671265,4.8931885536886615
28400,0.0000066035852044967195,4.895054533380435
28500,0.00000670262172172772,4.870834173251304
28600,0.000006722342078778448,4.874906854163944
28700,0.000006452292094179645,4.842459408039787
28800,0.000006508388490439181,4.906408455829838
28900,0.000006704708245961221,4.879870015086086
29000,0.000006505555106552408,4.880083621180987
29100,0.0000064399898402173814,4.878377758413775
29200,0.00000640901909636827,4.865553839086133
29300,0.000006454435550463269,4.875292362667014
29400,0.000006217134788077457,4.875915599205683
29500,0.000006031134946128881,4.870981234569158
29600,0.000006055819257359015,4.894391474003689
29700,0.000005937828238705901,4.878054053312413
29800,0.000005769722620872772,4.898111918644425
29900,0.000005711993401088102,4.885485826241383
30000,0.0000060337227290374474,4.905089739047075
30100,0.000006456101023089211,4.911793914623327
30200,0.000006644947746260291,4.899788320290561
30300,0.000006693371792415183,4.899368250303601
30400,0.000006897226494975438,4.9144356694856794
30500,0.0000066292694426344125,4.911847811034373
30600,0.000007048318556456189,4.918925053490366
30700,0.000006959026905277939,4.897510788367052
30800,0.000007108321481398896,4.905359790350259
30900,0.000006946974841482799,4.906541308362744
31000,0.0000069011781258432605,4.892242480177168
31100,0.0000067784640669050076,4.909081305470046
31200,0.000006789308471841027,4.927746680082428
31300,0.000007182305886382074,4.901588002484658
31400,0.0000073607646992010025,4.906348127644582
31500,0.000007017799047230071,4.9123327691565075
31600,0.00000767975624244869,4.896239551913772
31700,0.000007113629362914089,4.911260553922828
31800,0.000006979701794630729,4.911232765145333
31900,0.0000073105590056037145,4.910922196171521
32000,0.000006678734598218433,4.927800608788626
32100,0.000006262317597292804,4.926027426112943
32200,0.0000070279766943833805,4.914523841244037
32300,0.000007209389694565279,4.91202836593782
32400,0.000007318814166843616,4.90522876309734
32500,0.000007713422932610773,4.894979699618433
32600,0.000007662135218694332,4.908194716454783
32700,0.000008177532481280736,4.890694793272072
32800,0.00000886916060756674,4.815792442774615
32900,0.000008495073983379177,4.829497724951554
33000,0.000008362252066543491,4.829885371914951
33100,0.000008093474611791054,4.828247100290916
33200,0.000007893903556747811,4.823276775684082
33300,0.000007777313364064122,4.825772228427076
33400,0.000007717712724581253,4.820791922239211
33500,0.00000763851627820655,4.82170751427259
33600,0.000007466222295486427,4.809306608179052
33700,0.000007460289404437273,4.817162634669929
33800,0.000007299690692888231,4.818781835083594
33900,0.0000072564031177485695,4.82007885121751
34000,0.000007193803247392951,4.828719601498106
34100,0.000007163522677671578,4.832043657020007
34200,0.000007086884417838857,4.842091517540601
34300,0.000007092980577835054,4.849775585342716
34400,0.000007010363478288428,4.838813889178544
34500,0.00000697439119445266,4.862373518453686
34600,0.000006934530212120811,4.863364903564663
34700,0.000006849430893932095,4.859666459625498
34800,0.0000067253300677112406,4.860575260241561
34900,0.000006589527957289331,4.854039547441467
35000,0.000006466764176677416,4.851383285521954
35100,0.000006375361427170712,4.8426004233490865
35200,0.000006123305330711692,4.817859340544079
35300,0.000006049799847827198,4.824636587211884
35400,0.000006007189804297308,4.830240322048877
35500,0.000005976645357863482,4.8328224264066915
35600,0.000005970791730457777,4.840661682605694
35700,0.000005932423739680906,4.841415019199748
35800,0.000005945995844471206,4.848058357494331
35900,0.000005923700991614806,4.852291798767036
36000,0.0000059040868603344265,4.853402642992499
36100,0.000005900138506232492,4.858037948524736
36200,0.000005865224346750954,4.855602401056068
36300,0.000005893289073856988,4.865749377633802
36400,0.000005884630641084091,4.874978809750618
36500,0.000005908497661271082,4.888328605837217
36600,0.0000059325917222161366,4.892242480177168
36700,0.0000060637899635643175,4.920793846913457
36800,0.000006185675950995173,4.9502249078421405
36900,0.000006277552713543897,4.945286072693083
37000,0.000006321281644383543,4.958989702105187
37100,0.000006629677121710047,4.973104328191643
37200,0.0000064816198136853425,4.956536042871654
37300,0.000006508639240015478,4.961125454633277
37400,0.000006739152013371304,4.966446512087363
37500,0.000006563381144653838,4.963262312078463
37600,0.000006582662619856659,4.965813388638384
37700,0.000006844524082341758,4.978005907359979
37800,0.000006712312065816249,4.974592468659587
37900,0.000006519516816439761,4.961549969606811
38000,0.0000068158124694845505,4.9656752792315
38100,0.000006782880733083735,4.969986642933621
38200,0.000006961503859730903,4.971212225628273
38300,0.00000685789941385634,4.963526826515097
38400,0.000006833424532293606,4.970080680619757
38500,0.0000069392592369065655,4.976065375218377
38600,0.00000671895484226285,4.963833070662707
38700,0.000007195262220038987,4.9781402784507796
38800,0.000007148716764276795,4.980299402808029
38900,0.000007225407745508518,4.97730009839162
39000,0.0000072531307824670575,4.970396222248645
39100,0.000007319870323260791,4.980848531468605
39200,0.000006824968402875246,4.960432432514683
39300,0.000007478613453697649,4.976559144965347
39400,0.0000071538595701811404,4.95507301697439
39500,0.000007229818902073745,4.9675713710055085
39600,0.0000073081548005477865,4.9564299972790735
39700,0.0000074967931491431,4.975162782692961
39800,0.0000071927096001441335,4.972133529205204
39900,0.000006836932054994281,4.960876401042093
40000,0.000007429415137100753,4.970712895062253
40100,0.00000729080851941366,4.965786527857816
40200,0.000006977205371450782,4.969900559340042
40300,0.000007871851326011044,4.9735278527672575
40400,0.000007566386709067047,4.971444383550452
40500,0.00000774188152607395,4.979718615325417
40600,0.000008064093228556622,4.96461014491591
40700,0.00000807208462046865,4.9692780072718765
40800,0.000008452252922584736,4.974719481010855
40900,0.000008582771918119116,4.94139983776256
41000,0.000007987280602089876,4.931745368863449
41100,0.00000758889745463777,4.924744054140737
41200,0.000007500569009439205,4.922235258690634
41300,0.000007382906011936714,4.920890939157048
41400,0.000007233668748317233,4.9146625503239685
41500,0.000007108296353843858,4.91494673626746
41600,0.00000705371402370334,4.905759680885212
41700,0.000006977050918998603,4.903631885335232
41800,0.000007074181772778646,4.900610485689461
41900,0.000006974592941892555,4.9054430335033175
42000,0.000006867804057631917,4.908003280985601
42100,0.0000069619877642739776,4.905089739047075
42200,0.000006838575969010425,4.9108487469984805
42300,0.00000676180233806779,4.912239814150318
42400,0.000006554813273753244,4.914884802028662
42500,0.000006534778887262957,4.903682921041043
42600,0.0000064842122100995346,4.916175304221841
42700,0.000006510578705700746,4.9134994843065005
42800,0.000006471281234569589,4.908777491229585
42900,0.0000064235443276797236,4.919447684971717
43000,0.000006601420564929851,4.923482313607436
43100,0.00000639386035426807,4.91674960173186
43200,0.000006378890380103008,4.919711414677047
43300,0.000006353475510185823,4.922308605226212
43400,0.000006331786813145274,4.930149661294946
43500,0.000006331786813145274,4.930149661294946
43600,0.000006323252908219542,4.94357541467472
43700,0.000006332825998401969,4.937053493951927
43800,0.000006295463970927834,4.9476748937538355
43900,0.000006151576917876097,4.952237459631631
44000,0.0000060820522261109654,4.957757811263897
44100,0.000005958558587782462,4.947811359500086
44200,0.000005826614098200285,4.940920528564341
44300,0.000005712306341301698,4.931713448944153
44400,0.000005597625291291689,4.933306196117522
44500,0.000005580555643431671,4.9265750872515035
44600,0.000005457349338441377,4.926204355478024
44700,0.000005420753810009421,4.923282033217564
44800,0.000005393036112351434,4.939722416220431
44900,0.000005354110116657128,4.939506265960983
45000,0.000005293312162724916,4.932576527976601
45100,0.000005230550325083318,4.9285069113842095
45200,0.000005159295652720117,4.926913485807644
45300,0.000005163875041048885,4.935502341439591
45400,0.000005064834541773751,4.9352717926277085
45500,0.000005005953940556198,4.932637703775379
45600,0.000004977072857218343,4.982913027563186
45700,0.00000497004952075248,4.940468742113827
45800,0.000004968916184288984,4.94716716849436
45900,0.000004943868703654499,4.951341709472798
46000,0.0000049580004209774905,4.95068835352788
46100,0.000004951804758431427,4.9557793348090575
46200,0.000004948567254112024,4.96371676454553
46300,0.0000049250068632892815,4.966530104324236
46400,0.000004934192221019705,4.969712695355778
46500,0.000004949614610777345,4.97324436588612
46600,0.000004948478238257693,4.984036454163435
46700,0.000004979865484881882,4.985803568786503
46800,0.000004995804373243662,5.003212943659856
46900,0.00000704808584914808,5.015273848759661
47000,0.000005731348616586518,5.037974607062836
47100,0.00000598381240023388,5.0361415341086575
47200,0.0000059478056358426625,5.044089455174137
47300,0.0000059688269833981034,5.038632764652812
47400,0.000005977765845819982,5.03913949311529
47500,0.000005874584300802422,5.046423929098031
47600,0.00000624602478247821,5.045633281496363
47700,0.0000058147971662526935,5.042894174924963
47800,0.000005797216029161818,5.051596539127448
47900,0.000005710657464244165,5.057546630227358
48000,0.0000060284431956989,5.048762798952755
48100,0.0000060284431956989,5.048762798952755
48200,0.000006054475745110625,5.06047589596476
48300,0.000005935537385823428,5.0500269764758645
48400,0.0000058080415835819615,5.05551625861633
48500,0.000005695009096212579,5.051765150988272
48600,0.0000057544913531918275,5.05868924777381
48700,0.00000606941324855327,5.063080157167567
48800,0.000006274759494157896,5.071936651275896
48900,0.000006251863227143744,5.052965762175394
49000,0.0000059286879928566385,5.084741781635147
49100,0.000006313617456173297,5.060018594822363
49200,0.000006406662981381936,5.068977980177711
49300,0.000006274197841713504,5.057757189786282
49400,0.000006250291041812393,5.063419867127109
49500,0.0000061553179328408085,5.0526750018992885
49600,0.000006302790634297933,5.064720715252343
49700,0.000006594909295702231,5.065034778287266
49800,0.000006267917620878916,5.055635960837381
49900,0.0000055445230363090765,5.068928277770913
