100,3.1737605550761267e-10,0.31978343595599695
105,3.4414974982178484e-10,0.32779063983710194
110,3.5654404719170625e-10,0.3432421925296067
115,3.3406586301319447e-10,0.35946273062349215
120,3.548695647081355e-10,0.3747205334592514
125,3.366526858695836e-10,0.38988373969732765
130,3.420021870177763e-10,0.4049277119548572
135,3.756152628409072e-10,0.41844552970071386
140,3.7870600311542373e-10,0.4334287447665658
145,3.5146225068868575e-10,0.45008267146122916
150,3.5502124269254643e-10,0.46504478832790663
155,3.9032681786925784e-10,0.47935860669889996
160,3.9484866211291817e-10,0.49277004602023916
165,3.6555939987826403e-10,0.5088170085946561
170,4.018750382087028e-10,0.5223612166943382
175,3.721708408531084e-10,0.5395003946151994
180,3.7879767685869785e-10,0.55397774919848
185,3.8127687488755745e-10,0.5689458085254733
190,3.861994202235878e-10,0.5837823606048262
195,3.896746498531657e-10,0.598626703928997
200,3.9392380495743645e-10,0.6132431436985625
205,3.9775951704909883e-10,0.6280037776912134
210,4.018354472788625e-10,0.6426733276773543
215,4.0542327518545564e-10,0.657391356858571
220,4.0966722651580453e-10,0.6719194525897636
225,4.1276752291408945e-10,0.6869957521049681
230,4.177542955197484e-10,0.701258504302814
235,4.2926382883136567e-10,0.7165322763558297
240,4.2522901447379427e-10,0.7312789998292607
245,4.260424669310423e-10,0.746435709166713
250,4.652233491212357e-10,0.7554910062768303
255,4.3187943848102436e-10,0.7756256917036981
260,4.831614211950242e-10,0.7850565166734672
265,4.904330740516011e-10,0.799859750103083
270,4.947174970450044e-10,0.814717120175033
275,5.010717957902014e-10,0.8289567908742556
280,5.052911956434192e-10,0.8440280996634142
285,5.145053433239354e-10,0.8582245644841343
290,4.80105878631439e-10,0.8805639091105248
295,4.699953729277301e-10,0.8954241363984622
300,4.739433867269221e-10,0.9105263150985674
305,4.776228226898265e-10,0.9258145867102835
310,4.796207995331336e-10,0.9418378332353089
315,4.790670264035844e-10,0.9581041014682103
320,5.025761830028811e-10,0.967502093266889
325,5.364112795324683e-10,0.9805323607606782
330,5.49730802034067e-10,0.9969584640668546
335,5.56130796180989e-10,1.0125978697382412
340,5.23228475201693e-10,1.0360479789339547
345,5.075326541049227e-10,1.051738344897754
350,5.109753978655793e-10,1.0678568550407883
355,5.128147825434922e-10,1.0848781820762747
360,5.115284558481666e-10,1.1025505757442882
365,5.306069630136991e-10,1.1129150096887805
370,5.838125720453494e-10,1.1277500907678484
375,5.915376151026065e-10,1.1434785539940424
380,6.019408289104763e-10,1.1598817549267706
385,5.340770204758172e-10,1.185331148713487
390,5.371905278422423e-10,1.202789423384374
395,5.373170192096743e-10,1.221635121427602
400,5.351371360240544e-10,1.239230551981483
405,6.056958289398777e-10,1.249486309441908
410,6.118438951071232e-10,1.268104906018762
415,6.188138669265442e-10,1.2906606533286764
420,5.795639082760739e-10,1.312280850881922
425,5.557459929362628e-10,1.3293760797040817
430,5.64838295757467e-10,1.3425453390183817
435,6.255946745596396e-10,1.3615119024512938
440,6.295915955135872e-10,1.380969738432238
445,6.12199867483228e-10,1.4070365513545624
450,5.799883204833169e-10,1.426282743962362
455,5.681267606436256e-10,1.4438199400326368
460,5.648669292718974e-10,1.4637758161600878
465,5.627464571979894e-10,1.4832901675157275
470,6.369069291182055e-10,1.5013175859434915
475,6.417396888854918e-10,1.5218762524641896
480,6.549462729679543e-10,1.5417781345859187
485,6.282984670285291e-10,1.5702308581444357
490,5.779762520582323e-10,7.868200328872241
495,5.726366478035754e-10,7.889607168851545
500,5.74850805990729e-10,7.906316944984713
505,6.451870378945086e-10,7.932193498121627
510,6.490194523361363e-10,7.954554404477962
515,6.602552768473739e-10,7.976567704497386
520,5.899981371233529e-10,7.999933802857374
525,5.830969411103721e-10,8.017155582845323
530,5.796391968541769e-10,8.038895179132169
535,6.119746074793604e-10,8.057894222504583
540,6.380676303916133e-10,8.083592606957932
545,6.507939011443894e-10,8.111540533163355
550,6.556057513313352e-10,8.140791534210367
555,5.839690660054771e-10,8.151076614809945
560,5.818969338184566e-10,8.172456769494163
565,5.778530418884799e-10,8.19446343428495
570,6.136274631977913e-10,8.217600150435185
575,6.451115495078123e-10,8.251080270110647
580,6.516777070971668e-10,8.275474660970751
585,6.049471492436764e-10,8.295524276650815
590,5.799162482928096e-10,8.308915092624424
595,5.739428034684347e-10,8.3315414780986
600,5.700048395141083e-10,8.352559551955695
605,6.258037940427754e-10,8.38585800289093
610,6.35915605262406e-10,8.415701894750166
615,6.439519169653386e-10,8.442216417689691
620,5.869922577698975e-10,8.454959949751789
625,5.724466935623298e-10,8.470677578696954
630,5.655727876398945e-10,8.492845029284183
635,5.976968811282982e-10,8.52012543536142
640,6.237431604709655e-10,8.557472911184147
645,6.267211448792173e-10,8.582669397960158
650,6.056554351891108e-10,8.608497121593528
655,5.63755668208297e-10,8.60899910235043
660,5.571505289970015e-10,8.630633664704954
665,5.840816364133384e-10,8.658875013905003
670,6.095181903194165e-10,8.699669337925963
675,6.111053257723127e-10,8.72404615681669
680,6.043435773128103e-10,8.753727386970969
685,5.535712360130491e-10,8.747469352643106
690,5.490277599759147e-10,8.769725050987956
695,5.546274168178192e-10,8.788886413573776
700,5.920929567397779e-10,8.835954271931334
705,5.968939121804389e-10,8.864508300065932
710,5.81853443736238e-10,8.889667156087532
715,5.423031354317272e-10,8.884563069785202
720,5.379608217014862e-10,8.905358270625714
725,5.827243507556337e-10,8.95529282816798
730,5.857448804292303e-10,8.984891731477656
735,5.329404146764078e-10,8.973452748498087
740,5.546847429235528e-10,9.003636266454148
745,5.71502967762518e-10,9.042700926545578
750,5.749318568766042e-10,9.069640995436037
755,5.270754650388506e-10,9.062330586996719
760,5.621300078459694e-10,9.106138230930458
765,5.649118923875734e-10,9.133061444308098
770,5.620811497675618e-10,9.161503501808985
775,5.259126454749315e-10,9.156620923586173
780,5.17344830014914e-10,9.170514047394116
785,5.11495394771919e-10,9.188210383805393
790,5.468907796155064e-10,9.23474009897944
795,5.495248358825219e-10,9.262005262477691
800,5.517266772703911e-10,9.28774194105804
805,5.091820452326964e-10,9.275183045012827
810,5.078332264556269e-10,9.295427920966084
815,5.020911205842378e-10,9.310150746257971
820,5.370564470599388e-10,9.364322290753526
825,5.399510984201213e-10,9.388485280277184
830,5.029396675657694e-10,9.384531923534363
835,4.995621377174588e-10,9.397348560019111
840,4.940261024919711e-10,9.415638350631436
845,5.2144144714519e-10,3.1732494366508575
850,5.249222468591485e-10,3.2017324966044263
855,5.2726826748315e-10,3.2248389748695114
860,4.972362567616032e-10,3.2227311627975914
865,4.908758978988621e-10,3.2339102212727493
870,4.867483878283351e-10,3.2504007922754745
875,5.063998996373187e-10,3.2844780058511915
880,5.14751744487763e-10,3.317514259299442
885,5.176664476457932e-10,3.3403892277514435
890,4.870412160728283e-10,3.3350815728877716
895,4.836280626972119e-10,3.347325384748678
900,4.7985185364536e-10,3.3590436937197814
905,4.986714706668005e-10,3.39616244959206
910,5.062433500513986e-10,3.428661150637372
915,5.087505034833724e-10,3.4497644313383944
920,4.831228150027894e-10,3.4468120000452918
925,4.770898403830047e-10,3.456297564853232
930,4.734993656375566e-10,3.4715636777693697
935,4.962142556554984e-10,3.509226064208709
940,4.992145235543114e-10,3.53555046894995
945,5.023142099979465e-10,3.557215863921156
950,4.741445830370044e-10,3.5444734975659142
955,4.72438708206686e-10,3.5619563969857175
960,4.776119889172613e-10,3.576999306012593
965,4.94355395890491e-10,3.6185277090725307
970,4.954994304506154e-10,3.6375543031373803
975,4.896206293917143e-10,3.656675922012761
980,4.712236203045394e-10,3.645459840905583
985,4.702775555958303e-10,3.6620978747714776
990,4.803639203846751e-10,3.6834950255924177
995,4.911204544828762e-10,3.71815317374649
1000,4.925792168733697e-10,3.735756718047669
1005,4.834155752577581e-10,3.7489167182689593
1010,4.695585674395394e-10,3.743074689201272
1015,4.674892316554121e-10,3.756956547850237
1020,4.791678528539778e-10,3.7796120546930547
1025,4.892866003062575e-10,3.8114889464428776
1030,4.923085789999376e-10,3.8288739793602122
1035,4.75810815184167e-10,3.8326451808425306
1040,4.696590462385209e-10,3.8349358279831733
1045,4.670766418178716e-10,3.8486028207755263
1050,4.827934932907124e-10,3.875179299244277
1055,4.892311013967526e-10,3.9008694800346095
1060,4.922765930981451e-10,3.9185320776688157
1065,4.703564460647249e-10,3.9109924481506333
1070,4.710101233505638e-10,3.924159850361896
1075,4.720887816847746e-10,3.9328660331352476
1080,4.892088704742051e-10,3.9678903065247644
1085,4.915055160123926e-10,3.98659563988266
1090,4.903688573725257e-10,4.005922141532129
1095,4.737368655323395e-10,3.9980333634141587
1100,4.731203038004883e-10,4.0080733581793595
1105,4.794072460752578e-10,4.020621588065657
1110,4.920379852814453e-10,4.052187326061872
1115,4.946959196089863e-10,4.066948662371129
1120,4.912848588501204e-10,4.082870294282745
1125,4.770460292767863e-10,4.074564749831159
1130,4.761267631401769e-10,4.0874293101077175
1135,4.901433775426507e-10,4.106971414275215
1140,4.966513403761877e-10,4.130213078211521
1145,4.999247338733811e-10,4.144007201359184
1150,4.843675432758304e-10,4.146581065501135
1155,4.821613662061868e-10,4.152205285297661
1160,4.811247270513556e-10,4.162719729479252
1165,4.975286781676938e-10,4.184572384826064
1170,5.024845342951031e-10,4.203152788540194
1175,5.057985282563218e-10,4.217430178420385
1180,4.896764694007892e-10,4.218275153072406
1185,4.887286662115615e-10,4.2251340394568615
1190,4.886934380397203e-10,4.231190877347667
1195,5.073329298405876e-10,4.260335515123174
1200,5.099415006921026e-10,4.273556059586086
1205,5.119981891188554e-10,4.290655619668502
1210,4.949347040630328e-10,4.28270168924292
1215,4.962365645632092e-10,4.293696068527982
1220,5.010427045274773e-10,4.300727337986343
1225,5.15483634097209e-10,4.327086867210726
1230,5.18554388514739e-10,4.338912059838881
1235,5.11007720367027e-10,4.349969957301681
1240,5.041561305983553e-10,4.348313554865453
1245,5.043087497237112e-10,4.358594127576118
1250,5.167759049544632e-10,4.371304766872925
1255,5.252690465481547e-10,4.3911533504479605
1260,5.290059574316747e-10,4.401813388232567
1265,5.129326856921511e-10,4.404507274734611
1270,5.142925603083578e-10,4.411912503913336
1275,5.20332753141421e-10,4.418235901460658
1280,5.336755662003622e-10,4.4401737549901314
1285,5.371584642499669e-10,4.449938871842492
1290,5.270411168410539e-10,4.458372878594559
1295,5.240960220785842e-10,4.460635198155291
1300,5.244796851081416e-10,4.469967140709388
1305,5.380633349821346e-10,4.480565048999992
1310,5.459964474521588e-10,4.497527994500584
1315,5.509242177245443e-10,4.507052020130663
1320,5.365228226960806e-10,4.512657517041228
1325,5.371776121217736e-10,4.517943202333405
1330,5.390089592392727e-10,4.52133596429267
1335,5.565319421171126e-10,4.5402959066195745
1340,5.59970918517672e-10,4.549956036540026
1345,5.576580395099465e-10,4.563220531176183
1350,5.489063233601736e-10,4.562581644170955
1355,5.50800409072131e-10,4.571302033254152
1360,5.601564120584565e-10,4.575847093550334
1365,5.714774705325399e-10,4.59254925187199
1370,5.762545123296709e-10,4.600535389619563
1375,5.681451712856455e-10,4.611143068885678
1380,5.645553487614755e-10,4.612636064858235
1385,5.656973997585389e-10,4.62067404676411
1390,5.8236031446855e-10,4.627729168811234
1395,5.880285875328415e-10,4.63964450624039
1400,5.941447656478044e-10,4.650796647111086
1405,5.80461986906015e-10,4.656752022715974
1410,5.817549548099453e-10,4.660240103121942
1415,5.824617541975979e-10,4.665950088916542
1420,6.024903524366395e-10,4.676352257995033
1425,6.070595017142488e-10,4.683549656576855
1430,6.073826834008444e-10,4.696474882357952
1435,5.981142883304768e-10,4.696119554014373
1440,6.003275996686655e-10,4.704104364740687
1445,6.098184373149136e-10,4.706107809178469
1450,6.229285929519279e-10,-1.5657505837816452
1455,6.281762802058746e-10,-1.55904916018006
1460,6.215310382327319e-10,-1.5476733116825572
1465,6.192725130289386e-10,-1.545960946040018
1470,6.209992850000767e-10,-1.5391200662756654
1475,6.387434360631656e-10,-1.5373838285112427
1480,6.445611941201723e-10,-1.5276618082340252
1485,6.512342695855594e-10,-1.5231079049295717
1490,6.382801208006551e-10,-1.51306373826766
1495,6.420577176986249e-10,-1.508798046641783
1500,6.469834443535258e-10,-1.5091644923895484
1505,6.636373585871925e-10,-1.5002595620120989
1510,6.692983262436899e-10,-1.494891960601751
1515,6.66508374913e-10,-1.4831716887528483
1520,6.631724222147342e-10,-1.4822798981524752
1525,6.664525565246149e-10,-1.4756834967579258
1530,6.768919151066666e-10,-1.477384833259787
1535,6.898776803136415e-10,-1.469487048630563
1540,6.962123576406955e-10,-1.4662437167111897
1545,6.8819911682709e-10,-1.4547811590360364
1550,6.906814448868551e-10,-1.4523439254635473
1555,6.922515082602608e-10,-1.4486566054480976
1560,7.089531371190391e-10,-1.449694926113841
1565,7.179206630447416e-10,-1.4449720545876965
1570,7.233950968087769e-10,-1.435835506172705
1575,7.147280106945822e-10,-1.432629051828608
1580,7.197527415782067e-10,-1.428380151282182
1585,7.254583620546224e-10,-1.4315667532959642
1590,7.417531605935075e-10,-1.427294305510833
1595,7.479612889322589e-10,-1.4245729507690879
1600,7.471764037026215e-10,-1.4142216405089951
1605,7.458522238907031e-10,-1.4135197645745374
1610,7.50721855972554e-10,-1.4092144346249527
1615,7.618544348756896e-10,-1.4150539202148844
1620,7.736223924140927e-10,-1.410747699277962
1625,7.805026088081743e-10,-1.4104979314920265
1630,7.767808724170651e-10,-1.3998499466095091
1635,7.785893601516805e-10,-1.3996060455560202
1640,7.811581392206312e-10,-1.3976083701850737
1645,7.998354223198331e-10,-1.4034911767204479
1650,8.063929344284694e-10,-1.4012065336912474
1655,8.132126253658594e-10,-1.393895910800396
1660,8.073896534640737e-10,-1.3923871300241375
1665,8.129852358065482e-10,-1.3900629680069423
1670,8.197525186419382e-10,-1.3960386512074479
1675,8.341875094343473e-10,-1.3959791582312793
1680,8.408959729799385e-10,-1.397035038494383
1685,8.4373877752081e-10,-1.3882109438892574
1690,8.423353879540164e-10,-1.388946295337452
1695,8.477948576498858e-10,-1.3880992327711696
1700,8.588780836536307e-10,-1.3961589552167268
1705,8.67950860012983e-10,-1.396586695001893
1710,8.74680956464684e-10,-1.3987741147431962
1715,8.71759738464725e-10,-1.3889935117326528
1720,8.774672946296228e-10,-1.3916256296840253
1725,8.793266152847304e-10,-1.3959764075189824
1730,8.951488142659378e-10,-1.401703709386617
1735,9.009458798510118e-10,-1.4027001647662158
1740,9.072521004786808e-10,-1.3979215337995843
1745,9.053242571538247e-10,-1.3983844672366617
1750,9.106674952726477e-10,-1.3988356636607
1755,9.167524830129481e-10,-1.40808920531907
1760,9.268547996730593e-10,-1.41116361580571
1765,9.321772217190259e-10,-1.4140151419431874
1770,9.350577486004803e-10,-1.408506892649237
1775,9.359488401077813e-10,-1.4120486452169518
1780,9.409960250392244e-10,-1.4129959082054373
1785,9.475408394067935e-10,-1.4226279135860818
1790,9.543843623421896e-10,-1.4257949495942048
1795,9.64438114413136e-10,-1.4285446526033172
1800,9.596001521770975e-10,-1.4247058840925064
1805,9.6431966557146e-10,-1.4283674081253466
1810,9.655125752439615e-10,-1.4351120686108547
1815,9.751336729499886e-10,-1.4404421541258494
1820,9.790095998060834e-10,-1.4444620024629993
1825,9.855178171460475e-10,-1.4436176205113416
1830,9.835136309623174e-10,-1.4455630051994979
1835,9.875230091761334e-10,-1.448731844037206
1840,9.887374795011644e-10,-1.457442163969544
1845,9.955347270560648e-10,-1.4606668100575055
1850,9.98013211715586e-10,-1.4651096927915759
1855,1.0019837976037422e-9,-1.4636799322157137
1860,1.0015272466123475e-9,-1.467958618192816
1865,1.0050477845705193e-9,-1.4707276503236317
1870,1.0050644904308643e-9,-1.4793083917020202
1875,1.0098402379241844e-9,-1.482522677145104
1880,1.0156249819922454e-9,-1.4850741942833874
1885,1.0129028991732505e-9,-1.4870326290121858
1890,1.0148781735570562e-9,-1.4909420615769948
1895,1.0124853845293393e-9,-1.4959036654680054
1900,1.0175855866501756e-9,-1.5006271118025918
1905,1.0184539099967256e-9,-1.5041400925086947
1910,1.0227483113281044e-9,-1.505908559290309
1915,1.0208880583679433e-9,-1.5095046751172523
1920,1.0219324251793664e-9,-1.5129226502866588
1925,1.019487886800072e-9,-1.5176560009804971
1930,1.0222670285268948e-9,-1.520888980652261
1935,1.0263116117613666e-9,-1.5240821602671142
1940,1.0230833047148461e-9,-1.526994356194368
1945,1.0236516125054112e-9,-1.53045351087611
1950,1.020149472817085e-9,-1.5317146540034263
1955,1.0226337914475977e-9,-1.5367360363453015
1960,1.0222068618647974e-9,-1.5396139644454365
1965,1.0246062337673583e-9,-1.5427184268466114
1970,1.0215582391724732e-9,-1.5461742854750107
1975,1.0215239344779782e-9,-1.5491383262409404
1980,1.0185521050507493e-9,-1.5513407542266922
1985,1.0196195901007046e-9,-1.5528500587032479
1990,1.0186275614751663e-9,-1.5556181933566893
1995,1.020133367594749e-9,-1.5593705844789425
2000,1.017258605200551e-9,-1.5624547094940475
2005,1.013348078420792e-9,-1.56329748073473
2010,1.014391496795414e-9,-1.5657243475648592
2015,1.0134713577480532e-9,-1.5668437782081464
2020,1.0149188905160555e-9,-1.5698828996664127
2025,1.010915180893562e-9,4.710063873373667
2030,1.0096826311835554e-9,4.707845392911269
2035,1.0060254447285133e-9,4.707761246821096
2040,1.0071369586402937e-9,4.707151844259451
2045,1.005814278475504e-9,4.706152891439212
2050,1.005376450581071e-9,4.702133960844125
2055,1.0018250541035342e-9,4.699865839878928
2060,9.998963361215278e-10,4.697989975588873
2065,9.98423232151067e-10,4.6998085158145315
2070,9.980208809110712e-10,4.699514155332981
2075,9.958878988483124e-10,4.69635449813215
2080,9.9495892646959e-10,4.694180225835018
2085,9.918760023603591e-10,4.69294698594461
2090,9.887495282849848e-10,4.693601634156116
2095,9.902495196571972e-10,4.695355865030704
2100,9.88679933664949e-10,4.69518510090283
2105,9.879513033408951e-10,4.692727482700446
2110,9.838041074146478e-10,4.689661148860666
2115,9.816666551726455e-10,4.689121381273928
2120,9.795005007968116e-10,4.691230190824305
2125,9.80680498015663e-10,4.6925779384525566
2130,9.794395963497092e-10,4.692994860608702
2135,9.765892067703416e-10,4.689339434192574
2140,9.735298771720177e-10,4.688632616902169
2145,9.712407007146647e-10,4.68781411717342
2150,9.712356663468658e-10,4.691894473154593
2155,9.711546691390886e-10,4.692576128906913
2160,9.71318218788932e-10,4.691309814049584
2165,9.65385731602802e-10,4.690183283690677
2170,9.638718847423441e-10,4.689061165049309
2175,9.618621306683235e-10,4.69045676553459
2180,9.641531854063097e-10,4.693779749851456
2185,9.632447047766487e-10,4.694953367835591
2190,9.60907673132756e-10,4.693650184113271
2195,9.578403980928218e-10,4.692081368167022
2200,9.54828441325154e-10,4.692431741187932
2205,9.557080131021403e-10,4.6957588944318855
2210,9.564705496178462e-10,4.697850115835148
2215,9.56031136397149e-10,4.699195367933955
2220,9.511634658742783e-10,4.695837980437479
2225,9.490075985151116e-10,4.696539889965964
2230,9.478494918382726e-10,4.697317602902704
2235,9.499747260211264e-10,4.701749062700691
2240,9.49984769526897e-10,4.7027939869877295
2245,9.484522467108764e-10,4.702714616559647
2250,9.434371605191933e-10,4.702294031308668
2255,9.422021029706473e-10,4.703343716854269
2260,9.4248094358173e-10,4.704943312135122
2265,9.449027248378692e-10,4.708042414164098
2270,9.44551570801082e-10,4.7098386883790155
2275,9.41261307524691e-10,4.709565192709409
2280,9.380809546064313e-10,4.709011882528928
2285,9.367661605368745e-10,4.710328093372657
2290,9.38966540099456e-10,-1.5696695667083571
2295,9.406415373556723e-10,-1.5679743984375303
2300,9.40545123554243e-10,-1.5658114169948103
2305,9.351862370000963e-10,-1.5675231691208702
2310,9.336962299947118e-10,-1.5660344580257355
2315,9.33774056764485e-10,-1.56425986185216
2320,9.366393165768413e-10,-1.5614297966725026
2325,9.374133495696876e-10,-1.5597346236840037
2330,9.35998410580202e-10,-1.5587216538905762
2335,9.316333487822353e-10,-1.558312115634854
2340,9.310103032848233e-10,-1.5570169382581145
2345,9.320286227357855e-10,-1.5553240343414612
2350,9.357291660780431e-10,-1.5521742401075118
2355,9.357842534380817e-10,-1.5503948148407685
2360,9.32887703371325e-10,-1.54961819285121
2365,9.302717420709177e-10,-1.5490262484660857
2370,9.292899190394222e-10,-1.547561988425842
2375,9.335866705160823e-10,-1.5456802048177012
2380,9.345759618427891e-10,-1.543316335061593
2385,9.355801929821216e-10,-1.541602077887235
2390,9.306779042233468e-10,-1.5407309011874182
2395,9.304675628312185e-10,-1.539434429083859
2400,9.298206719265555e-10,-1.5380607928071208
2405,9.348786540204776e-10,-1.5357311919081436
2410,9.355309632186823e-10,-1.534302519372253
2415,9.349444360771878e-10,-1.5325477740767421
2420,9.309832141055093e-10,-1.5314055509557698
2425,9.311944908830799e-10,-1.5300918882740193
2430,9.335761739725085e-10,-1.5286795912057771
2435,9.368211270487082e-10,-1.526657721180257
2440,9.374559113134197e-10,-1.5250325059255607
2445,9.349475620919307e-10,-1.523844710630792
2450,9.337558031747727e-10,-1.5225958656219893
2455,9.334960701554738e-10,-1.5207400362775403
2460,9.375689651286871e-10,-1.5197704357858794
2465,9.40210921448829e-10,-1.5178377006193293
2470,9.416328773316251e-10,-1.5161544329185388
2475,9.372223112316034e-10,-1.5146271796529769
2480,9.37245206448322e-10,-1.5134054204559364
2485,9.38144483851724e-10,-1.512128647664847
2490,9.42991266056637e-10,-1.5116362712852394
2495,9.441447132530781e-10,-1.5099558801140351
2500,9.444627619234904e-10,-1.5077589200910122
2505,9.414553192185466e-10,-1.50663921539209
2510,9.421656699744614e-10,-1.5051745092748803
2515,9.44741397383823e-10,-1.5049948509022328
2520,9.481737981607526e-10,-1.5039001907823304
2525,9.495626384259331e-10,-1.503040680157789
2530,9.477790624345164e-10,-1.5006030488670734
2535,9.4724874313064e-10,-1.4994078755952545
2540,9.477850519204555e-10,-1.4980370333866802
2545,9.518865099208031e-10,-1.498485139075895
2550,9.54266411436949e-10,-1.4973472173708482
2555,9.564813124668859e-10,-1.4963132310824043
2560,9.531206665487758e-10,-1.494090226441491
2565,9.540407179429156e-10,-1.4929634473745945
2570,9.550043382124408e-10,-1.4924057095077512
2575,9.593902526772032e-10,-1.4932959749135912
2580,9.61370178711052e-10,-1.4925571338345054
2585,9.623006455205083e-10,-1.4901644197124135
2590,9.601470257741276e-10,-1.4887076085911912
2595,9.611822032065628e-10,-1.4877508811113525
2600,9.632733950262142e-10,-1.4883430562720776
2605,9.67211551782043e-10,-1.4884904494969629
2610,9.688222544210588e-10,-1.488644707668822
2615,9.685096294277898e-10,-1.4859499707255168
2620,9.680881191045166e-10,-1.485404023418336
2625,9.691535832518144e-10,-1.484628898491112
2630,9.731912069004416e-10,-1.4865155449160163
2635,9.750421301009187e-10,-1.4858655941526275
2640,9.775493657838367e-10,-1.4849598805787831
2645,9.752164999999663e-10,-1.4834032476798076
2650,9.762180185006384e-10,-1.482823274675693
